76.093750
76.375000
77.093750
76.843750
77.406250
77.187500
77.312500
77.062500
77.125000
76.937500
76.906250
77.062500
77.281250
76.843750
76.593750
76.937500
76.781250
76.812500
76.625000
76.593750
76.437500
76.218750
76.750000
76.531250
76.500000
76.937500
76.437500
76.593750
75.281250
75.187500
74.875000
75.156250
74.812500
75.156250
74.750000
74.968750
75.312500
75.062500
75.000000
75.093750
74.500000
74.718750
74.937500
74.937500
75.437500
74.687500
73.593750
73.937500
74.031250
74.031250
73.375000
73.312500
72.968750
63.093750
74.531250
74.781250
74.437500
74.125000
73.812500
73.593750
74.156250
74.500000
74.562500
73.750000
74.000000
74.625000
74.750000
74.562500
73.843750
73.687500
72.968750
73.750000
73.437500
73.875000
74.406250
74.000000
73.687500
73.906250
73.687500
73.750000
73.500000
73.718750
74.031250
73.437500
74.781250
73.812500
73.656250
74.125000
74.156250
73.718750
73.937500
73.906250
73.906250
75.000000
75.000000
75.000000
75.000000
75.000000
75.000000
75.000000
75.000000
75.000000
75.000000
62.343750
73.656250
73.656250
73.656250
73.562500
73.187500
73.375000
73.687500
73.406250
73.718750
73.093750
73.187500
73.406250
73.687500
73.562500
73.656250
73.187500
72.906250
73.750000
73.312500
73.593750
73.062500
73.125000
73.593750
73.375000
62.656250
73.062500
72.937500
73.250000
73.375000
73.343750
73.375000
72.843750
73.250000
73.968750
74.093750
73.875000
72.906250
73.156250
73.625000
73.562500
73.812500
73.437500
73.468750
72.968750
73.750000
73.250000
73.468750
73.156250
73.031250
82.843750
73.187500
73.562500
72.906250
72.718750
73.437500
72.937500
73.656250
72.906250
73.125000
73.250000
73.000000
73.468750
73.093750
73.187500
73.000000
72.937500
72.875000
73.250000
73.125000
73.312500
73.187500
73.000000
73.000000
73.312500
61.593750
72.093750
71.593750
72.750000
72.656250
73.062500
73.250000
72.843750
73.000000
73.062500
72.625000
73.343750
72.812500
72.375000
73.312500
72.312500
73.093750
72.875000
72.312500
72.843750
72.500000
72.375000
72.875000
72.500000
72.218750
73.125000
72.312500
72.968750
72.312500
72.031250
73.062500
72.750000
72.718750
72.812500
72.031250
72.281250
72.781250
72.000000
72.937500
72.437500
72.656250
72.687500
72.593750
72.312500
72.843750
72.500000
73.093750
72.843750
72.468750
72.843750
72.375000
72.562500
72.562500
72.343750
72.187500
72.000000
72.218750
72.093750
72.468750
72.125000
72.125000
72.406250
72.187500
72.062500
72.281250
71.687500
71.906250
72.437500
72.156250
72.531250
71.625000
71.937500
72.250000
72.437500
72.312500
61.156250
71.875000
72.093750
72.250000
72.406250
72.406250
72.000000
71.687500
72.250000
71.906250
72.406250
71.593750
71.843750
72.093750
72.218750
71.843750
71.875000
71.875000
71.968750
72.281250
71.656250
72.031250
71.687500
72.093750
71.968750
60.968750
71.312500
72.062500
71.718750
71.468750
71.937500
71.718750
59.156250
70.437500
70.218750
70.281250
69.625000
69.875000
70.062500
70.343750
70.156250
70.218750
69.906250
70.375000
69.718750
69.656250
70.906250
69.937500
70.687500
69.875000
70.000000
70.718750
70.156250
70.531250
70.687500
70.156250
70.250000
59.718750
70.375000
70.312500
69.843750
70.281250
70.156250
70.375000
69.937500
70.468750
70.531250
70.125000
71.062500
70.593750
70.250000
70.625000
70.500000
70.468750
70.781250
70.156250
70.312500
70.687500
70.312500
70.968750
69.687500
70.187500
59.187500
70.437500
70.218750
70.187500
70.500000
70.125000
69.906250
70.343750
70.031250
70.468750
69.968750
69.656250
70.656250
69.875000
70.218750
70.125000
69.937500
70.062500
70.062500
69.718750
70.093750
70.125000
69.843750
70.562500
69.562500
58.906250
70.125000
69.968750
70.062500
69.906250
69.750000
70.093750
69.843750
70.156250
70.281250
70.093750
69.843750
70.531250
69.656250
69.718750
70.562500
69.468750
70.187500
70.187500
69.812500
69.968750
70.281250
69.875000
70.093750
70.312500
59.812500
68.718750
69.218750
68.437500
68.781250
68.937500
69.125000
68.656250
69.343750
68.937500
69.062500
69.531250
68.906250
68.968750
69.343750
69.000000
69.156250
68.968750
69.250000
69.218750
68.937500
69.156250
68.843750
68.750000
69.562500
58.406250
69.062500
68.625000
68.812500
69.562500
69.125000
69.468750
69.531250
68.875000
69.406250
69.437500
69.093750
69.250000
69.468750
69.187500
69.687500
68.812500
68.656250
69.593750
69.062500
69.156250
69.281250
68.968750
68.875000
69.437500
57.531250
68.062500
68.812500
68.718750
68.656250
68.468750
69.031250
68.968750
69.187500
68.812500
69.000000
69.062500
69.218750
68.625000
68.656250
68.656250
68.468750
68.812500
68.343750
68.687500
69.125000
68.875000
68.500000
68.843750
68.875000
57.718750
68.250000
68.843750
67.875000
68.000000
68.437500
68.437500
68.218750
68.250000
68.187500
68.000000
68.312500
68.031250
68.250000
68.093750
68.187500
68.281250
68.562500
68.000000
67.750000
68.468750
67.812500
68.125000
67.937500
67.843750
68.687500
68.750000
68.531250
68.750000
68.843750
68.000000
68.218750
69.062500
68.312500
68.875000
68.312500
68.062500
68.625000
68.906250
68.093750
68.375000
68.843750
68.687500
68.593750
68.093750
68.250000
68.500000
68.500000
68.250000
56.406250
67.500000
67.343750
67.125000
67.531250
67.437500
66.812500
67.968750
67.156250
66.843750
67.843750
67.281250
67.593750
67.312500
67.093750
67.375000
67.937500
67.187500
67.875000
67.468750
66.875000
67.968750
67.281250
67.375000
67.375000
56.593750
67.718750
67.125000
67.500000
66.937500
67.531250
67.062500
67.562500
67.437500
67.312500
67.468750
67.437500
67.125000
66.906250
67.281250
66.906250
67.562500
67.218750
67.718750
67.187500
67.375000
67.406250
67.312500
67.125000
67.437500
67.156250
67.125000
67.312500
66.968750
67.812500
67.156250
67.312500
67.000000
67.156250
67.593750
67.187500
67.500000
67.343750
67.312500
67.031250
67.062500
67.437500
67.531250
66.937500
67.343750
67.562500
67.750000
67.500000
66.937500
67.562500
56.281250
67.093750
67.406250
67.593750
67.125000
67.343750
67.593750
66.812500
67.718750
67.156250
67.156250
67.375000
67.000000
67.312500
67.437500
67.000000
67.062500
67.375000
66.937500
67.843750
67.500000
67.875000
67.812500
67.468750
67.687500
56.937500
67.187500
67.468750
67.281250
67.687500
67.000000
67.625000
67.593750
67.562500
67.468750
67.531250
67.375000
67.250000
67.750000
67.093750
66.937500
67.593750
67.468750
67.187500
67.531250
67.093750
66.937500
67.562500
67.187500
66.875000
56.687500
66.750000
66.718750
66.750000
66.718750
67.343750
67.375000
66.625000
67.406250
67.343750
67.031250
67.125000
66.531250
66.906250
67.281250
67.156250
66.812500
67.343750
66.843750
67.125000
67.125000
66.375000
67.281250
66.812500
67.062500
56.687500
66.406250
67.281250
66.750000
66.531250
66.593750
66.687500
66.593750
67.625000
67.000000
66.656250
67.250000
67.187500
66.968750
66.812500
67.312500
66.687500
67.218750
67.062500
66.437500
66.687500
67.218750
66.906250
66.031250
66.812500
56.250000
67.093750
65.812500
66.875000
66.843750
66.218750
66.437500
67.156250
66.437500
66.500000
66.812500
66.312500
66.406250
66.687500
66.500000
66.375000
66.875000
66.625000
66.250000
66.312500
66.593750
66.687500
66.156250
66.781250
66.531250
56.218750
65.875000
66.812500
66.562500
66.500000
66.062500
66.937500
66.593750
65.968750
66.875000
66.781250
66.406250
66.531250
66.781250
66.281250
66.625000
66.718750
65.781250
66.343750
66.593750
66.000000
65.906250
66.750000
66.125000
66.375000
55.437500
65.625000
66.468750
65.906250
65.718750
66.000000
65.593750
66.093750
66.500000
65.625000
66.093750
66.375000
65.781250
66.375000
65.812500
65.812500
66.312500
66.281250
65.687500
66.125000
66.218750
65.656250
66.375000
65.656250
65.468750
55.593750
65.718750
65.906250
66.375000
65.750000
65.375000
66.187500
66.000000
65.093750
66.312500
65.718750
64.250000
63.906250
64.593750
64.437500
65.062500
64.843750
64.406250
64.562500
64.343750
64.312500
64.125000
65.750000
64.156250
65.062500
64.812500
65.593750
65.187500
65.500000
64.406250
64.000000
65.156250
64.906250
63.531250
63.906250
64.500000
55.093750
65.750000
65.281250
65.437500
65.500000
65.312500
65.718750
65.500000
65.437500
65.750000
65.906250
65.437500
65.375000
65.875000
65.437500
65.781250
65.406250
65.187500
65.437500
65.500000
65.125000
65.187500
65.562500
65.031250
65.406250
55.062500
64.875000
65.500000
65.250000
65.156250
65.468750
65.375000
64.906250
65.375000
65.218750
64.687500
65.437500
64.875000
65.093750
65.187500
65.281250
65.093750
65.531250
65.187500
65.218750
65.500000
65.375000
65.093750
64.656250
65.625000
65.562500
65.343750
65.500000
66.062500
65.750000
65.781250
65.500000
65.218750
65.593750
65.093750
64.937500
65.375000
65.468750
65.250000
65.281250
65.093750
54.000000
64.156250
64.843750
64.343750
64.718750
65.406250
64.625000
65.531250
64.500000
65.062500
65.406250
64.343750
65.156250
64.500000
64.843750
65.218750
64.531250
64.906250
64.906250
64.468750
64.750000
64.750000
64.437500
65.156250
64.062500
64.750000
64.812500
64.625000
64.500000
64.968750
64.593750
64.812500
64.906250
65.031250
64.281250
64.531250
64.843750
64.593750
64.468750
64.875000
64.968750
64.937500
64.750000
64.906250
64.687500
64.906250
64.593750
64.218750
64.906250
64.906250
64.718750
64.437500
64.531250
64.718750
64.125000
64.312500
64.375000
63.968750
62.812500
62.781250
63.062500
63.093750
63.093750
62.593750
62.781250
62.812500
62.812500
62.500000
62.281250
62.687500
62.093750
62.812500
62.468750
62.406250
54.812500
65.093750
65.656250
65.843750
65.531250
66.062500
65.875000
65.750000
65.656250
65.718750
66.062500
65.937500
65.406250
65.343750
65.843750
65.437500
65.500000
65.718750
65.468750
65.812500
65.718750
65.406250
65.343750
65.656250
65.187500
54.062500
65.031250
65.062500
65.031250
64.843750
65.031250
65.125000
65.437500
64.968750
64.750000
65.406250
64.781250
65.093750
64.968750
65.312500
65.781250
65.343750
65.468750
65.375000
65.500000
65.531250
65.156250
65.437500
65.250000
65.250000
52.906250
63.875000
63.437500
63.593750
63.843750
63.687500
63.937500
63.875000
64.156250
63.812500
63.812500
64.125000
64.218750
63.562500
63.343750
64.062500
63.312500
64.062500
63.656250
64.281250
64.187500
63.968750
63.843750
63.812500
64.468750
53.937500
64.468750
64.218750
64.250000
64.437500
64.156250
63.843750
64.093750
64.093750
64.000000
64.218750
64.375000
64.031250
64.218750
64.000000
63.750000
63.968750
63.812500
64.156250
64.187500
64.062500
63.906250
63.562500
64.312500
63.875000
53.500000
63.562500
63.125000
63.718750
63.250000
63.500000
63.875000
63.968750
63.656250
63.281250
63.906250
63.500000
63.781250
63.750000
63.875000
63.656250
63.375000
63.562500
63.312500
64.062500
63.125000
63.125000
63.187500
63.562500
63.156250
52.843750
63.656250
62.968750
63.093750
63.375000
63.625000
63.156250
63.281250
63.375000
63.062500
63.281250
63.281250
63.281250
63.250000
63.312500
63.625000
63.093750
63.531250
62.968750
63.000000
63.218750
63.375000
63.187500
62.937500
63.281250
53.750000
63.031250
62.656250
63.343750
62.625000
63.093750
63.093750
63.375000
63.062500
62.687500
63.375000
62.687500
63.312500
62.906250
62.937500
63.093750
63.156250
63.156250
62.906250
63.500000
53.312500
63.625000
63.625000
63.875000
63.968750
63.406250
63.375000
63.843750
63.375000
63.531250
63.500000
63.625000
63.781250
63.781250
63.406250
63.031250
63.781250
63.156250
63.406250
63.562500
63.531250
63.593750
63.093750
63.781250
62.968750
52.937500
63.250000
63.062500
63.656250
63.000000
63.468750
63.312500
63.500000
63.281250
63.000000
63.656250
63.031250
63.375000
63.187500
63.031250
63.437500
63.187500
62.968750
62.812500
63.500000
62.875000
63.000000
63.250000
63.156250
63.000000
51.843750
63.531250
63.343750
62.906250
62.593750
63.062500
63.218750
63.156250
63.812500
63.218750
63.718750
63.531250
63.500000
63.218750
62.937500
63.843750
63.000000
63.156250
63.156250
63.250000
63.250000
63.156250
63.062500
62.750000
63.500000
52.750000
62.937500
62.875000
63.062500
63.000000
63.000000
63.218750
63.375000
63.562500
63.375000
62.750000
62.781250
63.093750
62.375000
63.062500
62.625000
62.875000
63.406250
62.625000
63.093750
63.281250
63.093750
63.000000
63.125000
62.500000
53.250000
63.437500
63.031250
63.906250
63.406250
63.125000
63.281250
63.312500
63.281250
63.406250
63.125000
63.187500
63.406250
63.843750
63.187500
62.843750
63.375000
63.031250
63.312500
63.062500
63.375000
62.843750
63.281250
63.250000
63.000000
62.312500
63.031250
62.687500
62.437500
62.718750
62.875000
62.375000
62.187500
62.531250
62.187500
62.750000
62.062500
62.625000
62.468750
62.656250
62.593750
61.750000
62.750000
62.218750
62.375000
62.468750
62.281250
62.625000
62.156250
51.531250
62.375000
62.156250
62.468750
62.281250
62.031250
62.718750
62.156250
62.437500
62.312500
62.375000
62.156250
62.625000
62.718750
62.000000
62.593750
61.843750
62.406250
62.406250
62.312500
62.343750
61.781250
62.593750
62.250000
62.718750
51.656250
62.562500
62.218750
62.156250
62.093750
62.468750
62.000000
62.281250
62.781250
61.718750
62.281250
62.156250
62.406250
62.343750
62.375000
62.375000
62.156250
62.656250
62.218750
62.406250
62.375000
62.625000
62.093750
61.937500
62.750000
63.125000
63.437500
63.125000
62.937500
63.281250
63.343750
62.718750
63.156250
63.062500
63.031250
62.968750
63.156250
63.375000
62.875000
62.718750
63.250000
62.968750
63.125000
63.000000
62.656250
63.218750
63.187500
62.531250
62.843750
52.937500
63.031250
62.625000
63.218750
62.843750
63.281250
62.781250
62.718750
63.187500
63.000000
63.250000
62.468750
63.218750
62.937500
62.718750
63.000000
62.718750
62.906250
62.937500
62.843750
62.906250
62.937500
62.781250
62.875000
63.312500
62.187500
62.562500
62.062500
62.000000
62.750000
61.875000
62.406250
62.468750
62.312500
62.437500
62.093750
62.312500
62.093750
62.781250
62.531250
62.531250
62.656250
62.656250
62.125000
61.875000
62.500000
61.562500
62.250000
62.031250
61.375000
61.281250
60.000000
61.156250
60.812500
60.812500
61.031250
61.031250
61.312500
60.937500
61.656250
61.312500
61.406250
61.000000
61.468750
60.812500
61.093750
61.281250
60.750000
61.468750
61.406250
61.437500
61.187500
61.218750
61.375000
52.187500
62.125000
62.218750
62.468750
62.625000
62.031250
62.218750
62.500000
62.312500
62.187500
62.437500
62.593750
62.375000
62.062500
62.437500
61.843750
62.312500
62.062500
62.375000
62.218750
62.312500
62.406250
62.031250
62.531250
62.000000
51.968750
62.875000
61.843750
62.250000
62.125000
62.593750
62.125000
62.000000
62.468750
61.843750
62.218750
62.125000
62.156250
62.125000
62.093750
62.093750
61.937500
62.312500
62.000000
61.843750
62.093750
62.250000
62.093750
61.531250
62.531250
30.281250
62.187500
62.031250
62.156250
62.218750
61.906250
61.750000
61.343750
61.000000
61.406250
61.187500
61.593750
61.656250
61.750000
61.843750
61.500000
62.218750
61.343750
61.875000
61.875000
61.531250
61.937500
61.906250
61.531250
61.625000
51.187500
61.593750
61.625000
61.781250
61.781250
62.062500
61.625000
62.093750
61.843750
62.593750
61.843750
61.718750
62.031250
61.625000
61.812500
62.031250
61.718750
62.031250
61.625000
62.125000
61.781250
62.031250
61.750000
28.031250
38.125000
27.218750
65.468750
64.750000
19.343750
57.343750
29.281250
27.625000
37.218750
46.656250
74.781250
16.750000
-0.468750
8.750000
9.062500
37.187500
56.156250
37.218750
18.281250
-0.531250
-0.687500
8.718750
27.593750
8.750000
18.187500
-9.875000
-0.656250
9.031250
9.000000
8.781250
9.125000
17.843750
9.250000
8.531250
18.562500
18.125000
-0.593750
7.281250
8.968750
-19.000000
8.968750
8.937500
8.968750
37.093750
17.875000
18.687500
46.000000
0.093750
-0.906250
