61.187500
71.937500
72.187500
72.093750
72.062500
72.187500
72.062500
72.500000
71.937500
72.250000
72.125000
72.343750
72.062500
72.156250
72.125000
72.218750
72.093750
72.281250
72.281250
72.281250
72.156250
72.062500
72.343750
72.218750
72.531250
72.000000
72.218750
72.156250
72.187500
72.187500
72.062500
72.312500
72.250000
72.156250
72.187500
72.218750
72.031250
72.250000
72.031250
72.343750
71.968750
72.406250
72.062500
72.468750
72.093750
72.281250
72.312500
72.406250
72.312500
72.343750
61.500000
72.312500
72.437500
72.531250
72.093750
72.406250
72.125000
72.562500
72.218750
72.656250
72.187500
72.281250
72.375000
72.312500
72.343750
72.312500
72.281250
72.437500
72.312500
72.156250
72.375000
72.093750
72.562500
72.250000
72.343750
72.156250
72.250000
72.281250
72.343750
72.343750
72.187500
72.218750
72.250000
72.375000
72.343750
72.468750
72.093750
72.531250
72.093750
72.500000
72.156250
72.156250
72.500000
72.343750
72.281250
72.406250
72.218750
72.406250
72.281250
72.312500
72.406250
72.125000
72.531250
72.125000
72.406250
72.062500
72.187500
72.375000
72.281250
72.250000
72.437500
72.062500
72.406250
72.406250
72.062500
72.406250
72.093750
72.531250
71.968750
72.468750
72.187500
72.312500
72.375000
72.406250
72.500000
72.437500
72.375000
72.500000
72.437500
72.343750
72.500000
72.406250
72.750000
72.281250
72.468750
72.343750
72.437500
72.468750
72.406250
72.406250
72.312500
72.406250
72.375000
72.343750
72.250000
72.625000
72.218750
72.625000
72.250000
72.156250
72.343750
72.187500
72.281250
72.312500
72.437500
72.312500
72.468750
72.500000
72.312500
72.343750
72.375000
72.375000
72.281250
72.531250
72.093750
72.312500
72.281250
72.406250
72.218750
72.156250
72.250000
72.562500
72.218750
72.312500
72.375000
72.125000
72.531250
72.093750
72.500000
72.125000
72.343750
72.281250
72.281250
72.250000
72.250000
72.468750
72.562500
72.656250
72.406250
72.531250
72.093750
72.593750
72.281250
72.468750
72.093750
72.312500
72.531250
72.281250
72.437500
72.218750
72.406250
72.406250
72.468750
72.312500
72.500000
72.156250
72.593750
72.218750
72.500000
72.343750
72.343750
72.437500
72.437500
72.375000
72.156250
72.437500
72.500000
72.625000
72.281250
72.468750
72.312500
72.625000
72.375000
72.593750
72.156250
72.281250
72.187500
72.375000
72.343750
72.312500
72.406250
72.343750
72.343750
72.250000
72.468750
72.125000
72.468750
72.343750
72.437500
72.437500
72.375000
72.406250
72.343750
72.593750
72.375000
72.500000
72.562500
72.781250
72.406250
72.468750
72.437500
72.750000
72.500000
72.468750
72.468750
72.312500
72.562500
72.125000
72.625000
72.250000
72.437500
72.187500
72.531250
72.500000
72.406250
72.625000
72.625000
72.437500
72.468750
72.531250
72.312500
72.500000
72.468750
72.625000
72.312500
72.468750
72.250000
72.468750
72.281250
72.281250
72.375000
72.625000
72.406250
72.375000
72.312500
72.218750
72.562500
72.281250
72.562500
72.250000
72.562500
72.500000
72.531250
72.343750
72.531250
72.437500
72.718750
72.625000
