2.222812
10.834062
10.937812
10.937812
11.145312
10.885937
10.782187
11.041562
11.067500
10.834062
9.096250
18.278125
18.174375
18.693125
18.407812
18.226250
17.500000
18.044687
17.889062
18.226250
-272.792500
-273.000000
-273.000000
-273.000000
-273.000000
-273.000000
-273.000000
-273.000000
-273.000000
-273.000000
-31.573750
-31.366250
-23.144063
-15.103438
-7.711250
-15.440625
-38.888125
-30.925313
-39.043750
-23.170000
-23.170000
-15.310938
8.032812
-8.359688
7.488125
8.266250
-0.189375
15.606562
-30.847500
-38.991875
-31.210625
-31.132813
-23.481250
-15.881563
-8.100313
10.445000
19.730625
19.652812
19.886250
19.652812
19.471250
19.445312
19.523125
19.704687
19.600937
19.704687
19.886250
17.966875
16.851562
19.886250
19.808437
19.678750
19.575000
19.289687
19.471250
19.341562
19.393437
19.445312
19.549062
19.445312
