16.203125
16.229062
16.358750
16.462500
16.021562
16.280937
16.151250
15.995625
16.255000
16.280937
16.125312
16.306875
16.229062
16.229062
16.255000
16.255000
16.306875
16.073437
16.203125
15.969687
16.047500
15.943750
15.736250
15.736250
6.761875
15.710312
16.021562
16.021562
15.840000
16.514375
16.306875
16.436562
16.177187
16.332812
16.203125
16.410625
16.177187
16.306875
16.177187
16.306875
16.073437
16.099375
16.332812
16.047500
16.229062
15.943750
16.099375
16.047500
16.073437
15.295312
15.269375
15.632500
15.580625
15.840000
15.554687
15.425000
15.554687
15.762187
15.969687
15.865937
15.606562
15.632500
15.917812
15.399062
15.658437
15.476875
15.580625
15.762187
15.554687
15.528750
15.814062
15.502812
15.295312
6.502500
15.710312
15.502812
15.502812
15.399062
15.425000
15.606562
15.736250
15.865937
15.658437
15.684375
15.580625
15.736250
15.450937
15.606562
15.476875
15.399062
15.606562
15.373125
15.450937
15.425000
15.476875
15.450937
15.632500
15.269375
6.476562
15.554687
15.450937
15.684375
15.321250
15.217500
15.554687
15.269375
15.476875
15.347187
15.321250
15.632500
15.450937
15.399062
15.269375
15.476875
15.425000
15.710312
15.347187
15.347187
15.217500
15.450937
15.502812
15.580625
15.399062
6.320937
15.269375
15.165625
15.373125
15.295312
15.373125
15.295312
15.191562
15.191562
15.788125
15.736250
15.139687
15.113750
14.828437
15.684375
15.917812
15.476875
15.347187
15.243437
14.569062
15.269375
14.413437
14.958125
14.828437
14.724687
6.191250
15.632500
15.528750
15.295312
15.061875
15.191562
15.217500
15.347187
14.828437
14.854375
14.750625
15.010000
15.165625
15.295312
15.035937
14.984062
15.476875
15.061875
15.295312
15.061875
14.880312
15.295312
15.399062
15.087812
14.932187
6.113437
15.087812
14.984062
15.554687
14.958125
15.191562
15.010000
15.476875
15.528750
15.450937
15.450937
15.139687
15.373125
15.295312
15.580625
14.932187
14.880312
15.139687
15.139687
14.958125
15.243437
14.880312
15.061875
15.399062
15.035937
6.217187
14.854375
14.750625
14.958125
14.958125
15.113750
15.243437
15.035937
15.035937
15.191562
14.958125
15.243437
14.828437
14.750625
14.465312
14.413437
14.932187
15.269375
14.958125
15.165625
15.373125
15.269375
15.165625
15.243437
15.087812
7.176875
15.113750
14.724687
14.724687
14.828437
14.984062
14.828437
14.932187
14.828437
14.724687
15.061875
14.672812
14.517187
14.024375
14.543125
14.569062
14.698750
14.776562
14.724687
14.595000
14.672812
15.010000
15.113750
15.087812
14.802500
14.828437
14.802500
14.750625
14.569062
14.698750
14.257812
14.335625
14.854375
14.595000
14.828437
14.361562
14.646875
14.672812
15.087812
14.984062
14.646875
14.543125
14.750625
15.035937
14.880312
14.698750
14.309687
14.335625
14.257812
14.854375
14.646875
14.646875
14.543125
14.802500
14.802500
14.906250
14.828437
14.646875
14.672812
14.231875
14.180000
14.491250
14.102187
14.361562
14.517187
14.491250
14.491250
14.465312
14.205937
14.309687
14.646875
14.439375
14.595000
14.128125
14.413437
14.439375
14.569062
14.465312
14.672812
14.309687
14.205937
14.465312
14.439375
14.750625
14.387500
14.076250
14.413437
14.180000
14.517187
14.180000
14.283750
14.231875
14.205937
14.517187
14.491250
14.517187
14.128125
14.465312
14.257812
14.569062
14.335625
14.517187
14.283750
14.154062
14.309687
14.413437
14.387500
14.491250
15.658437
15.139687
15.061875
15.891875
15.425000
14.828437
15.061875
15.035937
15.450937
16.047500
16.358750
16.229062
16.125312
16.125312
16.099375
15.814062
16.125312
16.151250
15.995625
15.814062
15.710312
15.580625
15.762187
15.865937
13.246250
13.350000
13.090625
13.635312
13.246250
13.194375
13.531562
13.246250
13.298125
13.324062
13.038750
13.194375
13.427812
13.272187
13.401875
13.272187
13.272187
13.453750
13.583437
13.194375
13.298125
13.401875
13.090625
12.831250
12.727500
12.597812
13.453750
12.986875
12.805312
13.012812
13.739062
13.868750
13.920625
13.790937
13.868750
12.468125
13.168437
13.090625
12.545937
12.831250
12.623750
12.571875
12.727500
12.727500
12.909062
12.338437
12.986875
10.393125
13.375937
13.090625
13.272187
13.350000
13.012812
13.168437
13.531562
13.246250
13.116562
13.453750
13.116562
13.713125
13.246250
13.453750
13.635312
13.401875
13.479687
13.350000
13.479687
13.038750
13.687187
13.298125
13.687187
13.479687
13.635312
13.790937
13.427812
13.479687
13.661250
13.739062
13.401875
13.479687
13.557500
13.350000
13.842812
13.298125
13.453750
13.687187
13.661250
13.609375
13.531562
13.401875
13.350000
13.765000
13.479687
13.557500
13.609375
13.531562
13.427812
13.583437
13.505625
13.401875
13.661250
13.868750
13.272187
13.350000
13.713125
13.479687
13.894687
13.220312
13.479687
13.427812
13.635312
13.609375
13.635312
13.453750
13.479687
13.765000
13.635312
13.739062
13.505625
13.453750
4.738750
13.453750
13.609375
13.479687
13.350000
13.687187
13.765000
13.531562
13.687187
13.453750
13.350000
13.790937
13.401875
13.635312
13.246250
-119.657500
-270.510000
-270.510000
-270.510000
-270.510000
-270.510000
-270.510000
-270.510000
-270.510000
-270.510000
4.609062
13.713125
13.583437
13.687187
13.246250
13.272187
13.531562
13.298125
13.713125
13.401875
13.531562
13.453750
13.427812
13.453750
13.531562
13.350000
13.583437
13.375937
13.142500
13.583437
13.168437
13.453750
13.272187
13.505625
13.557500
4.427500
13.479687
13.272187
13.635312
13.583437
13.687187
13.557500
13.194375
12.623750
12.597812
12.701562
13.012812
12.935000
13.038750
13.713125
13.194375
13.375937
13.765000
13.479687
13.427812
13.427812
12.909062
12.649687
12.960937
12.805312
5.724375
14.387500
14.231875
14.128125
14.413437
14.231875
14.543125
14.309687
14.439375
14.361562
14.128125
14.309687
14.180000
14.231875
14.180000
14.180000
14.050312
14.283750
14.154062
14.672812
14.180000
14.309687
14.205937
14.231875
14.128125
5.413125
14.569062
14.076250
14.257812
14.102187
13.842812
14.180000
14.050312
14.128125
14.439375
14.231875
14.283750
14.076250
13.739062
14.102187
13.816875
14.309687
13.998437
14.050312
14.517187
14.231875
14.102187
14.231875
13.920625
13.427812
5.490937
14.128125
14.257812
13.894687
14.205937
14.180000
13.739062
14.102187
14.128125
14.413437
13.505625
13.194375
12.986875
13.531562
13.168437
13.920625
13.687187
14.102187
13.972500
13.868750
14.076250
13.894687
13.765000
13.946562
13.635312
3.779062
13.868750
13.090625
12.779375
12.753437
13.168437
12.909062
13.505625
13.116562
13.583437
13.272187
13.168437
13.401875
13.583437
13.090625
13.246250
13.765000
13.479687
13.790937
13.116562
13.687187
13.427812
13.505625
13.557500
13.427812
-269.628125
-272.740625
-273.000000
-273.000000
-273.000000
-273.000000
-273.000000
-273.000000
-273.000000
-273.000000
-273.000000
-273.000000
-273.000000
-273.000000
-273.000000
-273.000000
-273.000000
-273.000000
-273.000000
-273.000000
-273.000000
-273.000000
-273.000000
-273.000000
-273.000000
5.387187
14.257812
14.128125
14.309687
14.128125
14.309687
14.361562
14.024375
13.946562
13.946562
13.920625
14.154062
13.765000
14.205937
14.102187
13.790937
14.205937
14.102187
14.102187
14.024375
13.816875
14.076250
14.231875
14.024375
14.154062
5.205625
13.946562
14.309687
14.076250
13.998437
13.972500
13.946562
14.024375
14.154062
13.972500
14.180000
14.076250
13.998437
14.335625
13.998437
14.024375
13.765000
13.765000
14.076250
13.868750
14.050312
14.283750
13.946562
13.868750
13.894687
4.972187
13.998437
13.868750
13.842812
13.946562
13.816875
14.128125
13.816875
13.790937
13.894687
13.972500
13.920625
14.024375
13.920625
13.583437
13.868750
13.894687
14.231875
13.816875
13.687187
14.050312
13.946562
13.583437
13.946562
13.868750
4.972187
13.946562
13.972500
13.972500
13.609375
13.842812
13.790937
13.972500
13.790937
13.661250
13.972500
13.894687
13.998437
13.946562
13.972500
13.894687
13.920625
13.557500
13.816875
13.661250
13.765000
13.453750
13.453750
13.920625
13.739062
4.090312
13.505625
13.401875
13.505625
13.298125
13.090625
13.324062
13.765000
13.531562
13.479687
13.116562
13.350000
13.479687
13.687187
13.453750
13.479687
13.194375
13.090625
13.557500
13.298125
13.635312
13.038750
13.142500
13.479687
13.401875
3.052812
12.053125
11.923437
12.182812
12.208750
12.234687
12.520000
12.234687
12.520000
12.468125
12.364375
11.975312
11.975312
11.949375
11.586250
11.845625
11.534375
11.975312
11.819687
11.793750
11.767812
11.819687
11.690000
11.612187
11.871562
4.531250
13.583437
13.298125
13.661250
13.246250
13.324062
13.350000
13.350000
13.531562
13.505625
13.298125
13.220312
13.272187
13.038750
13.531562
13.220312
13.375937
13.194375
13.324062
13.531562
13.427812
13.272187
13.168437
13.453750
13.272187
4.245937
13.453750
13.557500
13.272187
13.116562
13.531562
13.324062
13.427812
13.246250
13.168437
13.350000
13.453750
13.324062
13.557500
13.012812
13.090625
13.661250
12.986875
13.298125
13.012812
13.064687
13.427812
13.168437
13.012812
13.116562
4.505312
13.635312
13.765000
13.609375
13.168437
13.350000
13.505625
13.246250
13.687187
13.142500
13.194375
13.246250
13.220312
13.609375
13.401875
13.246250
13.194375
13.194375
13.012812
13.427812
-57.770625
-270.510000
-270.510000
-270.510000
-270.510000
4.194062
13.531562
13.272187
13.090625
13.142500
13.401875
13.142500
13.246250
13.324062
12.960937
13.401875
13.583437
13.246250
13.142500
13.427812
13.038750
13.479687
12.727500
12.701562
13.194375
12.883125
12.831250
12.857187
12.338437
12.753437
3.986562
13.220312
12.494062
13.116562
12.935000
12.494062
12.649687
13.194375
12.805312
12.260625
13.038750
13.142500
12.571875
12.779375
13.038750
12.831250
12.701562
12.986875
12.857187
12.390312
12.623750
13.272187
12.442187
12.805312
12.960937
3.675312
13.298125
12.442187
12.597812
12.960937
12.883125
12.416250
13.064687
13.012812
12.416250
12.935000
12.935000
12.960937
12.597812
12.831250
12.935000
12.753437
12.909062
12.883125
12.494062
12.079062
13.142500
12.520000
12.234687
12.935000
4.271875
13.298125
13.842812
13.609375
14.050312
14.205937
13.842812
13.531562
13.765000
13.246250
13.868750
13.687187
13.505625
13.635312
13.635312
13.453750
13.505625
13.350000
12.857187
11.378750
10.678437
11.430625
11.119375
10.315312
9.822500
1.885625
10.808125
10.782187
10.963750
10.419062
11.223125
10.678437
10.885937
10.808125
10.704375
10.782187
10.989687
10.626562
10.548750
10.937812
10.600625
10.030000
10.030000
10.030000
10.030000
10.030000
10.030000
10.030000
10.030000
10.030000
11.041562
11.041562
11.093437
10.937812
10.834062
11.171250
10.963750
11.119375
10.756250
11.145312
11.326875
11.300937
11.145312
11.275000
11.093437
10.652500
11.275000
10.470937
11.041562
10.885937
10.808125
11.015625
10.989687
11.119375
10.834062
2.196875
11.275000
10.834062
10.678437
11.249062
10.756250
11.119375
10.574687
10.678437
10.782187
10.678437
10.730312
11.041562
10.911875
10.159687
10.756250
11.249062
11.534375
10.445000
10.055937
10.004062
10.574687
10.911875
10.419062
10.782187
1.522500
10.963750
11.015625
10.341250
10.756250
10.756250
10.445000
11.171250
10.911875
10.237500
10.678437
10.963750
10.107812
11.041562
10.574687
10.367187
10.704375
10.834062
10.470937
10.496875
10.860000
10.393125
10.756250
10.730312
10.600625
1.366875
10.626562
10.730312
10.678437
10.756250
10.496875
10.704375
10.133750
10.937812
10.445000
10.185625
10.678437
10.756250
10.496875
10.367187
10.860000
10.496875
10.678437
10.756250
10.600625
10.393125
10.496875
10.704375
10.393125
10.548750
1.652187
10.600625
10.548750
10.626562
10.470937
10.704375
10.445000
10.704375
10.548750
10.445000
10.652500
10.782187
10.341250
10.289375
10.626562
10.263437
10.808125
10.030000
10.574687
10.496875
10.600625
10.393125
10.367187
10.470937
10.211562
1.600312
9.770625
9.770625
8.966562
8.992500
9.952187
10.289375
9.692812
8.992500
9.329687
9.381562
9.589062
9.225937
9.329687
9.589062
9.666875
9.640937
9.822500
9.433437
9.251875
9.251875
9.407500
9.122187
9.148125
10.989687
7.980937
8.084687
7.877187
7.540000
8.188437
7.565937
7.877187
8.006875
8.032812
7.903125
7.591875
8.058750
7.591875
8.162500
8.421875
8.344062
8.370000
8.058750
8.525625
7.955000
8.655312
8.162500
8.266250
8.344062
8.214375
86.675312
8.395937
8.499687
8.344062
8.759062
8.551562
8.733125
8.318125
8.318125
8.370000
7.695625
8.499687
8.084687
8.629375
9.122187
8.759062
9.277812
8.836875
8.551562
8.862812
9.044375
8.395937
8.681250
8.629375
8.707187
0.510937
8.551562
8.292187
7.903125
8.395937
8.344062
8.525625
8.655312
8.966562
8.707187
8.603437
9.122187
8.862812
8.966562
8.914687
9.148125
8.836875
8.888750
9.070312
9.200000
9.407500
9.537187
9.640937
9.692812
9.615000
0.147812
9.251875
8.629375
9.225937
9.225937
8.992500
9.044375
8.966562
9.251875
9.251875
8.810937
8.603437
9.329687
8.914687
9.200000
9.200000
8.447812
9.381562
8.966562
8.966562
9.200000
9.563125
9.225937
9.381562
9.225937
1.963437
10.626562
10.159687
10.652500
10.548750
10.263437
10.030000
10.081875
10.574687
10.808125
9.822500
9.485312
9.329687
8.136562
8.836875
8.525625
8.370000
7.565937
8.240312
8.421875
7.929062
7.773437
7.669687
9.225937
9.666875
-1.149063
7.410312
7.721562
7.176875
7.721562
7.202812
7.747500
7.436250
7.591875
7.306562
7.332500
7.747500
7.073125
7.903125
6.943437
7.591875
7.410312
7.254687
7.202812
7.176875
7.462187
6.969375
7.332500
7.254687
7.306562
-1.045313
7.851250
7.488125
7.695625
7.955000
7.565937
7.799375
7.955000
7.955000
7.565937
7.384375
8.110625
7.384375
8.370000
7.721562
7.540000
8.032812
7.617812
7.929062
7.669687
8.084687
7.980937
7.851250
7.825312
7.747500
-0.837813
8.240312
7.851250
8.240312
7.695625
7.591875
7.903125
8.318125
8.136562
7.903125
8.110625
8.084687
7.929062
7.773437
7.721562
8.032812
7.903125
7.747500
7.695625
7.825312
7.980937
7.799375
7.540000
8.110625
7.747500
-1.071250
7.617812
8.032812
7.955000
7.514062
7.955000
7.773437
7.825312
7.903125
7.799375
7.540000
8.084687
7.695625
7.358437
8.006875
7.695625
7.591875
7.721562
8.032812
7.565937
7.955000
7.851250
7.280625
8.240312
7.669687
-1.460313
7.799375
7.747500
7.591875
7.384375
7.851250
7.617812
7.643750
7.488125
7.540000
7.488125
7.228750
7.514062
7.410312
7.695625
7.306562
7.488125
7.488125
7.695625
7.540000
7.280625
7.721562
7.280625
7.565937
7.384375
-1.719688
7.254687
7.228750
7.306562
7.125000
7.410312
7.125000
7.462187
7.306562
7.384375
7.306562
7.384375
7.436250
7.306562
7.540000
7.202812
7.617812
7.306562
7.540000
7.514062
7.488125
7.591875
7.202812
7.488125
7.280625
-1.356563
7.591875
7.462187
7.565937
7.643750
7.540000
7.306562
7.384375
7.410312
7.721562
7.488125
7.591875
7.695625
7.643750
7.462187
7.254687
7.877187
7.565937
7.903125
7.332500
7.384375
7.747500
7.669687
7.462187
7.358437
-1.590000
7.773437
7.332500
7.747500
7.410312
7.384375
7.591875
-102.927813
-244.780000
-244.780000
-244.780000
-244.780000
-244.780000
-244.780000
-244.780000
-244.780000
-244.780000
-244.780000
-244.780000
-244.780000
-244.780000
-244.780000
-244.780000
-244.780000
-244.780000
-2.056875
6.787812
6.632187
6.865625
6.735937
6.787812
6.450625
7.073125
6.632187
6.917500
6.787812
6.917500
6.839687
6.969375
6.839687
6.658125
7.254687
6.476562
7.228750
6.684062
6.710000
6.995312
7.099062
6.865625
6.632187
84.911562
6.580312
6.917500
6.813750
6.710000
6.761875
7.099062
6.995312
7.047187
6.839687
6.684062
7.150937
6.684062
6.839687
6.891562
7.280625
7.254687
7.150937
6.995312
6.891562
7.202812
6.787812
6.684062
7.099062
7.021250
-1.797500
6.606250
6.684062
6.995312
6.891562
6.606250
6.580312
7.047187
6.787812
6.943437
6.476562
6.684062
6.865625
7.125000
6.735937
6.632187
7.047187
6.606250
6.891562
6.580312
6.554375
6.969375
6.813750
6.684062
6.424687
-1.953125
6.891562
6.632187
6.943437
6.528437
6.969375
6.684062
6.891562
7.021250
6.891562
6.632187
6.450625
6.891562
6.346875
6.554375
6.658125
6.710000
6.528437
7.280625
6.891562
6.476562
7.280625
6.243125
7.176875
6.787812
-2.005000
6.580312
6.735937
6.658125
6.009687
6.735937
6.969375
6.528437
6.710000
6.346875
6.658125
6.865625
6.606250
6.165312
6.813750
6.554375
6.424687
6.787812
6.243125
6.658125
6.580312
6.450625
6.191250
7.099062
6.320937
-1.979063
6.554375
6.113437
6.554375
6.606250
6.113437
6.865625
6.295000
6.243125
6.735937
6.139375
6.243125
6.398750
6.554375
6.243125
6.528437
6.450625
6.269062
6.710000
6.295000
6.372812
6.658125
6.658125
6.113437
6.528437
-2.912813
6.035625
5.594687
6.320937
5.594687
6.061562
5.905937
5.931875
6.035625
6.087500
5.880000
5.698437
6.243125
5.776250
6.009687
5.983750
6.087500
5.957812
6.191250
6.320937
5.724375
6.528437
5.880000
6.165312
6.217187
-273.000000
-273.000000
-273.000000
-273.000000
-273.000000
-273.000000
-273.000000
-273.000000
-273.000000
-273.000000
-273.000000
-273.000000
-273.000000
-273.000000
-273.000000
-273.000000
-273.000000
-273.000000
-273.000000
-273.000000
-273.000000
-273.000000
-273.000000
-273.000000
-273.000000
6.398750
6.710000
6.580312
6.295000
6.554375
6.372812
6.813750
6.528437
6.476562
6.502500
6.710000
6.372812
6.528437
6.813750
6.606250
6.424687
6.502500
6.217187
6.217187
6.165312
6.113437
6.165312
6.865625
6.658125
6.295000
-2.368125
6.710000
6.061562
6.424687
6.346875
6.424687
6.295000
6.113437
6.735937
6.580312
6.502500
6.450625
6.684062
6.165312
6.476562
6.502500
5.750312
6.761875
6.346875
5.931875
6.502500
6.528437
6.009687
6.424687
6.476562
-2.523750
6.684062
6.398750
5.854062
6.606250
6.295000
6.269062
6.243125
6.320937
5.931875
6.554375
6.554375
5.776250
6.632187
6.450625
6.217187
6.243125
6.735937
6.113437
6.398750
6.502500
6.035625
6.658125
6.320937
6.372812
-2.394063
6.632187
6.502500
6.320937
6.528437
6.113437
6.684062
6.217187
6.346875
6.476562
6.528437
6.346875
6.217187
6.735937
6.424687
6.476562
6.502500
6.450625
6.502500
6.320937
6.502500
6.269062
6.554375
6.476562
6.217187
-2.394063
6.476562
6.217187
6.761875
6.269062
6.346875
6.735937
6.632187
6.424687
6.269062
6.320937
6.346875
6.476562
6.087500
6.658125
6.295000
5.983750
6.009687
5.983750
6.217187
6.320937
5.880000
5.724375
6.009687
5.750312
-1.330625
6.580312
8.370000
8.733125
7.150937
6.450625
7.384375
8.810937
9.070312
7.462187
5.594687
5.750312
6.632187
4.868437
6.580312
6.243125
7.021250
8.966562
8.525625
8.629375
9.096250
9.251875
8.551562
8.992500
9.070312
-4.832188
4.531250
4.427500
4.816562
4.998125
5.205625
5.672500
4.946250
4.609062
2.689687
3.000937
2.975000
2.975000
3.390000
3.156562
3.519687
3.338125
3.390000
3.519687
3.830937
3.545625
3.571562
4.375625
3.390000
4.401562
-4.858125
4.297812
4.427500
3.675312
3.286250
3.338125
3.675312
3.182500
3.415937
3.390000
3.908750
4.142187
3.338125
4.064375
3.571562
4.064375
3.908750
3.779062
3.805000
3.830937
4.142187
3.571562
4.142187
3.934687
3.934687
-5.584375
3.312187
2.845312
3.286250
3.078750
3.156562
3.441875
3.571562
5.361250
4.790625
3.675312
4.349687
3.415937
3.727187
3.364062
3.156562
3.597500
3.830937
4.375625
4.271875
3.545625
5.101875
3.934687
3.649375
3.753125
-4.806250
3.390000
3.649375
3.312187
3.675312
3.312187
3.649375
3.467812
3.882812
3.390000
3.701250
3.545625
3.779062
3.571562
3.753125
3.701250
4.012500
3.908750
3.519687
3.545625
3.571562
3.390000
3.467812
3.753125
3.597500
-5.584375
3.078750
3.260312
2.975000
3.234375
2.793437
3.156562
2.689687
3.260312
5.516875
5.724375
6.217187
4.816562
4.816562
-0.837812
-0.760000
-0.760000
-0.760000
-0.760000
-0.760000
-0.760000
-0.760000
-0.760000
-0.760000
-0.760000
81.358125
3.623437
3.390000
3.649375
3.441875
3.519687
3.415937
3.701250
3.675312
3.415937
3.441875
3.338125
3.805000
3.338125
3.649375
3.649375
3.571562
3.493750
3.519687
3.753125
3.338125
3.727187
3.545625
3.493750
3.649375
-5.428750
3.364062
3.312187
3.519687
3.493750
3.286250
3.753125
3.156562
3.597500
3.441875
3.312187
3.519687
3.130625
3.779062
3.208437
3.571562
3.571562
3.415937
3.701250
3.441875
3.571562
3.078750
3.545625
3.441875
3.338125
-5.506563
3.390000
3.545625
3.415937
3.338125
3.156562
3.701250
3.182500
3.390000
3.286250
3.545625
3.493750
3.156562
3.753125
3.052812
3.675312
3.467812
3.519687
3.519687
3.519687
3.623437
3.234375
3.753125
3.545625
3.390000
-5.350938
3.545625
3.675312
3.597500
3.364062
3.286250
3.623437
3.234375
3.415937
3.571562
3.623437
3.467812
3.312187
3.753125
3.208437
3.364062
3.649375
3.545625
3.390000
3.156562
3.727187
3.493750
3.312187
3.597500
3.545625
-5.714063
3.260312
3.182500
3.312187
3.078750
2.923125
3.364062
3.052812
3.078750
3.312187
3.104687
3.208437
2.767500
3.519687
2.897187
3.026875
3.130625
3.130625
3.390000
2.897187
3.856875
3.000937
3.078750
3.208437
3.234375
80.865313
2.767500
3.208437
2.689687
2.949062
3.182500
3.052812
3.052812
2.871250
3.234375
2.949062
2.949062
3.078750
3.052812
3.026875
2.715625
3.467812
2.819375
3.156562
2.715625
3.000937
3.026875
2.689687
3.130625
2.611875
-5.765938
3.312187
2.975000
3.130625
3.026875
3.026875
3.234375
2.819375
3.260312
2.741562
3.052812
2.975000
3.156562
3.104687
2.793437
2.975000
2.897187
3.104687
2.897187
3.156562
2.923125
3.026875
3.208437
2.949062
3.130625
-5.558438
3.104687
2.949062
3.208437
3.156562
2.845312
3.390000
2.767500
3.000937
3.156562
3.104687
3.052812
2.585937
3.338125
2.897187
2.819375
3.260312
2.975000
3.078750
2.793437
3.234375
3.052812
3.182500
3.078750
2.819375
-5.662188
2.585937
3.156562
2.741562
2.923125
2.949062
2.975000
3.000937
2.611875
3.026875
2.767500
3.000937
2.845312
3.130625
2.819375
2.637812
3.130625
2.793437
3.234375
2.715625
2.767500
3.052812
2.871250
2.949062
2.663750
-5.895625
2.300625
3.026875
2.637812
2.430312
2.715625
2.897187
2.663750
2.482187
3.000937
2.663750
2.767500
2.923125
2.897187
2.871250
2.611875
3.130625
2.767500
2.793437
2.845312
2.715625
2.949062
2.508125
3.078750
2.741562
-5.610313
3.156562
2.975000
2.663750
2.949062
2.482187
2.897187
2.897187
2.975000
2.871250
2.611875
-160.638750
-273.000000
-273.000000
-273.000000
-273.000000
-273.000000
-273.000000
-273.000000
-273.000000
-273.000000
-273.000000
-273.000000
-273.000000
-273.000000
-6.518125
2.585937
1.989375
2.585937
2.041250
2.274687
2.300625
2.196875
2.404375
1.937500
2.456250
2.196875
2.430312
2.456250
2.170937
2.430312
2.041250
2.534062
2.041250
2.274687
2.404375
2.378437
2.430312
1.989375
2.560000
-6.621875
2.352500
2.170937
2.170937
2.093125
2.300625
2.248750
1.937500
2.456250
1.937500
2.767500
2.482187
2.378437
2.196875
2.119062
2.274687
2.093125
2.404375
2.248750
2.300625
2.067187
1.885625
2.534062
2.041250
2.093125
-6.466250
2.145000
1.911562
2.248750
1.963437
2.067187
2.170937
2.170937
2.067187
1.885625
2.196875
2.170937
2.326562
2.041250
2.119062
2.196875
2.067187
2.196875
2.067187
2.196875
2.093125
2.326562
2.119062
2.196875
2.196875
-6.414375
2.015312
1.989375
2.248750
2.170937
1.937500
1.937500
2.274687
2.015312
2.170937
2.196875
2.067187
1.807812
1.885625
2.093125
2.170937
2.170937
2.196875
2.274687
2.067187
1.989375
2.404375
2.067187
2.819375
2.949062
-6.855313
2.222812
2.196875
1.937500
1.781875
2.326562
2.093125
1.911562
2.248750
2.326562
2.119062
2.067187
2.274687
2.119062
1.937500
2.170937
2.300625
2.015312
1.963437
2.404375
2.015312
2.145000
2.222812
2.248750
2.119062
-6.544063
2.326562
2.015312
2.196875
1.911562
2.352500
2.119062
2.067187
2.300625
2.222812
2.196875
1.963437
2.456250
2.067187
2.274687
2.196875
2.119062
2.378437
2.093125
2.300625
1.963437
2.352500
2.041250
2.352500
2.404375
-273.000000
-273.000000
-273.000000
-273.000000
-273.000000
-273.000000
-273.000000
-273.000000
-273.000000
-273.000000
-273.000000
-273.000000
-273.000000
-273.000000
-273.000000
-273.000000
-273.000000
-273.000000
-273.000000
-273.000000
-273.000000
-273.000000
-273.000000
-273.000000
-273.000000
2.793437
3.390000
2.689687
3.026875
2.560000
2.871250
2.456250
2.508125
2.248750
2.793437
3.649375
3.182500
3.338125
2.637812
2.715625
2.222812
2.534062
2.430312
1.937500
2.689687
2.067187
2.456250
2.430312
2.430312
2.637812
-6.362500
1.885625
2.560000
2.222812
2.300625
2.222812
2.170937
2.508125
1.937500
2.404375
2.067187
2.326562
2.274687
2.248750
2.430312
1.885625
2.482187
2.015312
2.663750
3.960625
4.764687
4.972187
3.675312
4.790625
4.323750
-6.414375
2.741562
2.196875
2.897187
2.404375
2.300625
2.611875
2.637812
2.663750
2.041250
2.767500
2.378437
2.508125
2.508125
2.482187
2.534062
2.222812
2.819375
2.534062
2.430312
2.482187
2.663750
2.689687
2.352500
2.689687
-6.129063
2.793437
2.689687
2.482187
2.819375
2.949062
2.741562
2.689687
2.819375
2.975000
2.923125
3.882812
1.470625
1.678125
4.090312
4.816562
6.113437
6.269062
5.828125
6.139375
5.802187
5.931875
6.009687
5.335312
5.724375
-6.180938
2.352500
2.482187
2.585937
2.871250
2.222812
3.026875
2.430312
2.300625
2.248750
2.145000
2.611875
2.041250
2.663750
2.119062
2.300625
1.989375
1.885625
2.170937
1.859687
2.041250
1.652187
2.067187
2.145000
1.911562
-52.842500
-37.850625
-14.351250
-22.236250
-14.740313
-37.772813
-61.557500
-61.064688
-61.324062
-92.890000
-76.834687
-84.667813
-84.538125
-69.286875
-53.075938
-61.246250
-53.387188
-61.116563
-29.835938
-53.490938
-61.479687
-60.883125
-70.635625
-45.502188
-45.580000
78.997813
1.211250
0.951875
1.548437
0.977812
1.185312
1.159375
1.289062
1.289062
1.133437
1.237187
1.185312
1.444687
1.107500
1.263125
1.237187
1.159375
1.315000
1.081562
1.055625
1.289062
1.315000
1.159375
1.159375
1.107500
1.418750
1.185312
1.211250
1.159375
1.289062
1.366875
0.977812
1.548437
1.055625
1.133437
1.289062
1.340937
1.470625
1.081562
1.496562
1.133437
1.548437
1.263125
1.211250
1.392812
1.263125
1.211250
1.107500
1.289062
0.562812
0.433125
1.055625
2.404375
3.234375
3.338125
3.312187
2.404375
3.908750
3.000937
3.415937
3.338125
3.156562
3.078750
2.897187
3.234375
2.378437
2.456250
1.652187
1.911562
2.015312
1.626250
1.730000
1.159375
-7.218438
1.574375
1.418750
1.678125
1.237187
1.781875
1.652187
1.574375
1.678125
1.340937
1.600312
1.470625
1.937500
1.444687
1.600312
1.574375
1.833750
1.574375
1.340937
1.911562
1.289062
1.626250
1.626250
1.807812
1.807812
-273.000000
-273.000000
-273.000000
-273.000000
-273.000000
-273.000000
-273.000000
-273.000000
-273.000000
-273.000000
-273.000000
-273.000000
-273.000000
-273.000000
-273.000000
-273.000000
-273.000000
-273.000000
-273.000000
-273.000000
-273.000000
-273.000000
-273.000000
-273.000000
-273.000000
1.652187
0.848125
1.496562
1.289062
1.289062
1.315000
1.081562
1.340937
1.211250
1.548437
1.107500
1.470625
1.392812
1.133437
1.522500
1.185312
1.185312
1.289062
1.470625
1.289062
1.029687
1.366875
1.029687
1.315000
1.366875
-6.855313
1.807812
1.418750
1.963437
1.652187
1.678125
1.755937
1.911562
1.730000
1.418750
1.833750
1.600312
1.600312
1.600312
1.781875
1.600312
1.574375
2.145000
1.574375
1.496562
1.730000
1.989375
1.678125
1.418750
1.989375
-6.907188
1.496562
1.444687
1.704062
1.626250
1.678125
1.418750
1.730000
1.678125
1.730000
1.807812
1.730000
1.470625
1.418750
2.067187
1.522500
1.678125
1.626250
1.704062
1.755937
1.263125
1.963437
1.496562
1.678125
1.781875
-7.374063
1.392812
1.366875
1.159375
1.211250
1.029687
1.418750
1.133437
1.340937
1.315000
1.418750
1.340937
1.055625
1.418750
1.211250
1.159375
1.652187
1.496562
1.989375
2.508125
2.482187
1.937500
1.937500
1.418750
1.418750
-6.284688
1.885625
2.274687
1.807812
2.093125
1.859687
1.600312
2.067187
1.574375
2.145000
1.678125
1.833750
1.807812
1.885625
2.196875
1.522500
2.015312
1.652187
1.911562
1.833750
1.807812
2.041250
1.600312
2.170937
1.600312
-4.961875
3.805000
3.312187
3.675312
3.753125
3.753125
3.493750
3.597500
3.675312
3.597500
3.390000
3.649375
3.753125
3.753125
3.390000
3.441875
3.830937
3.312187
3.545625
3.571562
3.623437
3.882812
3.286250
3.805000
3.597500
